        Gain ABP: 85.953 adu/mmHg
		 Baseline ABP: -1332
	   sample #	    ABP	    ECG	    ICP
              0	  -1333	     81	   -316	       -0.012	
              1	  -1333	    -10	   -364
              2	  -1336	   -209	   -374
              3	  -1308	   -307	   -327
              4	  -1318	   -385	   -325
              5	  -1341	   -369	   -316
              6	  -1332	   -380	   -291
              7	  -1314	   -351	   -182
              8	  -1319	   -333	   -143
              9	  -1338	   -342	   -137
             10	  -1336	   -339	   -177
             11	  -1331	   -384	   -141
             12	  -1298	   -413	   -129
             13	  -1339	   -354	   -140
             14	  -1335	   -350	   -186
             15	  -1312	    -64	   -186
             16	  -1338	   -122	   -135
             17	  -1339	   -348	   -121
             18	  -1328	   -386	   -110
             19	  -1290	   -435	    -94
             20	  -1338	  -1666	    -93
             21	  -1300	   4386	    -10
             22	  -1314	   4756	      1
             23	  -1307	   -946	    -62
             24	  -1326	   -728	    -52
             25	  -1298	   -602	     -2
             26	  -1319	   -561	     -1
             27	  -1336	   -491	    -62
             28	  -1339	   -410	   -191
             29	  -1324	   -301	   -319
             30	  -1326	   -166	   -417
             31	  -1339	     17	   -419
             32	  -1336	    172	   -414
             33	  -1332	    198	   -481
             34	  -1335	     55	   -545
             35	  -1328	   -128	   -564
             36	  -1301	   -216	   -519
             37	  -1315	   -307	   -486
             38	  -1335	   -355	   -458
             39	  -1342	   -306	   -419
             40	  -1295	   -307	   -386
             41	  -1300	   -332	   -291
             42	  -1318	   -380	   -266
             43	  -1328	   -380	   -353
             44	  -1301	   -377	   -327
             45	  -1335	   -406	   -316
             46	  -1339	   -323	   -332
             47	  -1331	   -270	   -319
             48	  -1314	    -60	   -324
             49	  -1332	   -234	   -330
             50	  -1304	   -383	   -288
             51	  -1318	   -442	   -240
             52	  -1321	   -810	   -138
             53	  -1339	   -647	    -80
             54	  -1307	   6750	    -94
             55	  -1331	    271	    -94
             56	  -1324	  -1018	    -85
             57	  -1328	   -609	    -59
             58	  -1332	   -590	    -35
             59	  -1331	   -532	    -41
             60	  -1333	   -447	   -177
             61	  -1309	   -350	   -308
             62	  -1329	   -264	   -453
             63	  -1322	    -73	   -463
             64	  -1332	    111	   -502
             65	  -1336	    230	   -511
             66	  -1331	    172	   -640
             67	  -1305	     10	   -672
             68	  -1328	   -179	   -608
             69	  -1332	   -277	   -562
             70	  -1328	   -309	   -558
             71	  -1324	   -350	   -505
             72	  -1339	   -335	   -466
             73	  -1291	   -336	   -381
             74	  -1329	   -353	   -335
             75	  -1329	   -355	   -352
             76	  -1366	   -351	   -335
             77	  -1329	   -390	   -371
             78	  -1335	   -355	   -367
             79	  -1339	   -333	   -335
             80	  -1335	   -131	   -322
             81	  -1328	    -82	   -322
             82	  -1329	   -274	   -272
             83	  -1341	   -355	   -190
             84	  -1328	   -354	   -182
             85	  -1324	  -1431	    -96
             86	  -1336	   1379	    -85
             87	  -1319	   6101	   -129
             88	  -1328	   -727	   -177
             89	  -1332	   -813	    -96
             90	  -1292	   -529	    -44
             91	  -1333	   -507	    -12
             92	  -1326	   -435	    -88
             93	  -1322	   -358	   -261
             94	  -1338	   -273	   -416
             95	  -1331	   -113	   -508
             96	  -1328	     80	   -508
             97	  -1338	    255	   -517
             98	  -1326	    294	   -584
             99	  -1331	    181	   -681
            100	  -1290	    -39	   -650
            101	  -1339	   -183	   -622
            102	  -1326	   -280	   -566
            103	  -1332	   -314	   -513
            104	  -1329	   -341	   -497
            105	  -1339	   -353	   -470
            106	  -1332	   -337	   -420
            107	  -1322	   -353	   -330
            108	  -1335	   -389	   -321
            109	  -1328	   -413	   -336
            110	  -1331	   -412	   -369
            111	  -1295	   -380	   -363
            112	  -1329	   -380	   -332
            113	  -1333	    -35	   -364
            114	  -1326	   -197	   -313
            115	  -1326	   -389	   -275
            116	  -1342	   -415	   -183
            117	  -1325	   -480	   -147
            118	  -1319	  -1743	    -93
            119	  -1331	   4365	    -91
            120	  -1338	   3729	   -130
            121	  -1331	  -1013	   -138
            122	  -1307	   -763	    -91
            123	  -1335	   -631	    -24
            124	  -1339	   -589	    -49
            125	  -1329	   -529	   -174
            126	  -1325	   -403	   -321
            127	  -1338	   -308	   -464
            128	  -1328	    -96	   -505
            129	  -1325	     78	   -514
            130	  -1335	    234	   -539
            131	  -1338	    199	   -653
            132	  -1328	     69	   -673
            133	  -1307	    -99	   -608
            134	  -1335	   -263	   -597
            135	  -1336	   -332	   -651
            136	  -1333	   -358	   -523
            137	  -1319	   -396	   -383
            138	  -1329	   -360	   -380
            139	  -1333	   -384	   -377
            140	  -1331	   -383	   -330
            141	  -1335	   -410	   -225
            142	  -1317	   -442	   -283
            143	  -1345	   -406	   -289
            144	  -1294	   -379	   -227
            145	  -1336	   -271	   -238
            146	  -1341	    -70	   -230
            147	  -1326	   -283	   -162
            148	  -1324	   -445	    -94
            149	  -1300	   -473	    -84
            150	  -1301	   -816	    -21
            151	  -1331	   -487	     10
            152	  -1328	   7219	     54
            153	  -1315	     75	    -16
            154	  -1332	  -1050	      1
            155	  -1321	   -638	     48
            156	  -1335	   -618	     85
            157	  -1336	   -591	     85
            158	  -1331	   -513	    -15
            159	  -1324	   -410	   -185
            160	  -1339	   -303	   -285
            161	  -1332	   -112	   -274
            162	  -1326	     59	   -275
            163	  -1329	    138	   -336
            164	  -1336	    112	   -452
            165	  -1298	    -68	   -475
            166	  -1326	   -243	   -417
            167	  -1335	   -336	   -399
            168	  -1338	   -386	   -339
            169	  -1335	   -382	      2
            170	  -1324	   -376	    583
            171	  -1331	   -350	   1090
            172	  -1312	   -352	   1054
            173	  -1305	   -360	    779
            174	  -1331	   -385	    623
            175	  -1328	   -445	    681
            176	  -1359	   -380	    742
            177	  -1326	   -386	    628
            178	  -1318	   -163	    472
            179	  -1339	   -123	    372
            180	  -1332	   -307	    322
            181	  -1326	   -431	    331
            182	  -1333	   -410	    255
            183	  -1332	  -1421	    224
            184	  -1294	   1585	    230
            185	  -1326	   6988	    138
            186	  -1342	   -743	     93
            187	  -1301	   -896	     90
            188	  -1335	   -647	     96
            189	  -1304	   -608	    127
            190	  -1329	   -559	     82
            191	  -1333	   -449	     15
            192	  -1331	   -352	   -110
            193	  -1339	   -242	   -280
            194	  -1322	    -95	   -285
            195	  -1322	    111	   -230
            196	  -1338	    161	   -280
            197	  -1339	     54	   -347
            198	  -1324	   -106	   -374
            199	  -1318	   -250	   -324
            200	  -1336	   -311	   -321
            201	  -1328	   -336	   -339
            202	  -1317	   -336	   -279
            203	  -1325	   -337	   -229
            204	  -1338	   -332	   -194
            205	  -1322	   -274	   -140
            206	  -1321	   -336	   -188
            207	  -1332	   -346	   -222
            208	  -1322	   -334	   -241
            209	  -1301	   -336	   -229
            210	  -1291	   -284	   -230
            211	  -1333	    -81	   -241
            212	  -1326	   -106	   -241
            213	  -1329	   -310	   -261
            214	  -1338	   -354	   -185
            215	  -1336	   -355	   -151
            216	  -1333	  -1612	    -51
            217	  -1305	   3641	    -29
            218	  -1335	   4732	    -54
            219	  -1339	   -795	    -54
            220	  -1297	   -681	    -49
            221	  -1336	   -440	    -10
            222	  -1342	   -415	     -2
            223	  -1333	   -351	    -40
            224	  -1333	   -274	   -132
            225	  -1326	   -184	   -268
            226	  -1336	     -5	   -414
            227	  -1328	    181	   -417
            228	  -1324	    319	   -416
            229	  -1305	    378	   -497
            230	  -1341	    238	   -550
            231	  -1332	     53	   -553
            232	  -1324	    -41	   -558
            233	  -1331	   -186	   -522
            234	  -1329	   -185	   -478
            235	  -1328	   -243	   -422
            236	  -1333	   -246	   -369
            237	  -1336	   -303	   -330
            238	  -1324	   -355	   -294
            239	  -1321	   -380	   -275
            240	  -1333	   -399	   -271
            241	  -1308	   -387	   -358
            242	  -1331	   -370	   -322
            243	  -1308	   -272	   -330
            244	  -1325	    -37	   -279
            245	  -1329	   -306	   -250
            246	  -1331	   -413	   -201
            247	  -1332	   -383	   -135
            248	  -1336	  -1091	    -80
            249	  -1339	    477	    -40
            250	  -1300	   6865	    -52
            251	  -1322	   -338	    -88
            252	  -1339	   -933	    -40
            253	  -1331	   -519	    -15
            254	  -1328	   -529	     -7
            255	  -1338	   -492	    -32
            256	  -1307	   -412	   -183
            257	  -1308	   -304	   -325
            258	  -1335	   -170	   -436
            259	  -1329	    -10	   -467
            260	  -1300	    202	   -464
            261	  -1333	    257	   -511
            262	  -1326	    182	   -594
            263	  -1325	     -8	   -659
            264	  -1333	   -165	   -656
            265	  -1324	   -293	   -640
            266	  -1328	   -336	   -553
            267	  -1338	   -355	   -516
            268	  -1328	   -335	   -447
            269	  -1329	   -366	   -358
            270	  -1339	   -352	   -369
            271	  -1300	   -378	   -336
            272	  -1307	   -385	   -321
            273	  -1332	   -386	   -318
            274	  -1339	   -382	   -328
            275	  -1329	   -344	   -328
            276	  -1321	    -34	   -275
            277	  -1333	   -185	   -269
            278	  -1341	   -369	   -222
            279	  -1297	   -435	   -144
            280	  -1324	   -459	    -94
            281	  -1338	  -1725	    -57
            282	  -1329	   4703	   -101
            283	  -1331	   2802	   -118
            284	  -1335	  -1077	    -80
            285	  -1339	   -732	    -60
            286	  -1329	   -651	    -21
            287	  -1324	   -590	     -5
            288	  -1338	   -546	   -127
            289	  -1339	   -431	   -311
            290	  -1322	   -346	   -456
            291	  -1336	   -185	   -452
            292	  -1336	     46	   -464
            293	  -1309	    169	   -550
            294	  -1321	    136	   -631
            295	  -1329	    -38	   -640
            296	  -1329	   -216	   -704
            297	  -1328	   -352	   -647
            298	  -1324	   -410	   -605
            299	  -1300	   -410	   -561
            300	  -1338	   -443	   -467
            301	  -1329	   -412	   -419
            302	  -1308	   -406	   -392
            303	  -1326	   -408	   -375
            304	  -1328	   -440	   -380
            305	  -1332	   -440	   -333
            306	  -1325	   -443	   -318
            307	  -1339	   -442	   -353
            308	  -1314	   -449	   -333
            309	  -1321	   -339	   -279
            310	  -1302	   -232	   -279
            311	  -1338	    -92	   -285
            312	  -1329	   -307	   -230
            313	  -1312	   -440	   -138
            314	  -1341	   -410	    -90
            315	  -1285	  -1332	    -57
            316	  -1322	    721	    -30
            317	  -1326	   6658	    -63
            318	  -1315	   -533	   -102
            319	  -1331	  -1008	    -51
            320	  -1324	   -688	     46
            321	  -1336	   -649	      7
            322	  -1325	   -597	    -98
            323	  -1324	   -529	   -244
            324	  -1336	   -442	   -403
            325	  -1305	   -290	   -463
            326	  -1329	   -145	   -461
            327	  -1305	     50	   -464
            328	  -1333	    113	   -502
            329	  -1308	    -30	   -597
            330	  -1325	   -213	   -556
            331	  -1336	   -380	   -503
            332	  -1338	   -440	   -469
            333	  -1335	   -471	   -430
            334	  -1333	   -470	   -361
            335	  -1331	   -466	   -230
            336	  -1329	   -445	   -149
            337	  -1325	   -452	    -93
            338	  -1324	   -447	    -23
            339	  -1309	   -503	     85
            340	  -1339	   -504	     48
            341	  -1329	   -485	     76
            342	  -1312	   -470	    177
            343	  -1315	   -382	    222
            344	  -1331	   -291	    224
            345	  -1321	    -67	    194
            346	  -1324	   -292	    233
            347	  -1326	   -440	    339
            348	  -1317	   -442	    553
            349	  -1322	   -931	    648
            350	  -1338	   -387	    647
            351	  -1339	   7497	    511
            352	  -1326	    -35	    508
            353	  -1314	  -1071	    516
            354	  -1333	   -651	    470
            355	  -1332	   -677	    484
            356	  -1333	   -604	    461
            357	  -1309	   -524	    352
            358	  -1341	   -412	     65
            359	  -1331	   -324	   -140
            360	  -1329	   -183	   -185
            361	  -1325	     49	   -133
            362	  -1324	    120	   -257
            363	  -1331	     80	   -332
            364	  -1326	    -78	   -366
            365	  -1331	   -250	   -374
            366	  -1339	   -338	   -380
            367	  -1328	   -380	   -322
            368	  -1332	   -383	   -271
            369	  -1335	   -351	   -225
            370	  -1333	   -350	   -155
            371	  -1312	   -301	   -146
            372	  -1332	   -311	    -82
            373	  -1317	   -308	   -102
            374	  -1301	   -332	    -98
            375	  -1326	   -379	    -91
            376	  -1329	   -338	    -91
            377	  -1318	   -274	   -101
            378	  -1312	   -113	    -60
            379	  -1325	    -75	    -87
            380	  -1307	   -278	    -62
            381	  -1335	   -377	    -55
            382	  -1304	   -414	     71
            383	  -1307	  -1594	    126
            384	  -1329	   2699	     93
            385	  -1319	   5894	    119
            386	  -1332	   -891	    127
            387	  -1324	   -838	    149
            388	  -1326	   -592	    171
            389	  -1324	   -559	    186
            390	  -1321	   -473	    133
            391	  -1309	   -383	    -23
            392	  -1311	   -347	   -146
            393	  -1329	   -215	   -249
            394	  -1325	    -48	   -264
            395	  -1339	    180	   -316
            396	  -1331	    204	   -377
            397	  -1329	    127	   -413
            398	  -1338	    -56	   -483
            399	  -1322	   -186	   -477
            400	  -1332	   -246	   -469
            401	  -1324	   -277	   -464
            402	  -1318	   -278	   -419
            403	  -1339	   -277	   -344
            404	  -1328	   -304	   -279
            405	  -1322	   -338	   -280
            406	  -1300	   -352	   -282
            407	  -1329	   -343	   -316
            408	  -1331	   -355	   -327
            409	  -1335	   -336	   -327
            410	  -1338	   -352	   -293
            411	  -1332	    -37	   -288
            412	  -1326	   -193	   -277
            413	  -1325	   -354	   -255
            414	  -1341	   -382	   -183
            415	  -1326	   -477	   -104
            416	  -1328	  -1508	    -48
            417	  -1336	   5713	    -37
            418	  -1335	   2006	    -57
            419	  -1332	  -1015	    -43
            420	  -1324	   -694	    -80
            421	  -1341	   -615	     -2
            422	  -1329	   -559	     -7
            423	  -1331	   -499	    -65
            424	  -1332	   -414	   -215
            425	  -1307	   -334	   -322
            426	  -1331	   -173	   -458
            427	  -1321	     20	   -481
            428	  -1333	    142	   -438
            429	  -1302	    140	   -514
            430	  -1332	     31	   -600
            431	  -1322	   -151	   -603
            432	  -1333	   -275	   -548
            433	  -1329	   -354	   -519
            434	  -1328	   -333	   -463
            435	  -1336	   -331	   -427
            436	  -1338	   -305	   -380
            437	  -1336	   -338	   -335
            438	  -1329	   -304	   -350
            439	  -1325	   -336	   -268
            440	  -1300	   -384	   -332
            441	  -1304	   -354	   -364
            442	  -1331	   -324	   -327
            443	  -1302	   -133	   -307
            444	  -1342	    -54	   -283
            445	  -1294	   -308	   -240
            446	  -1329	   -384	   -185
            447	  -1335	   -383	   -118
            448	  -1338	  -1427	    -55
            449	  -1325	   1557	     -1
            450	  -1326	   6153	      5
            451	  -1339	   -703	    -15
            452	  -1332	   -936	     51
            453	  -1305	   -584	    135
            454	  -1335	   -559	    194
            455	  -1341	   -531	    149
            456	  -1321	   -475	     48
            457	  -1300	   -354	   -163
            458	  -1314	   -217	   -229
            459	  -1339	    -40	   -201
            460	  -1325	    178	   -105
            461	  -1321	    202	   -127
            462	  -1333	    108	   -222
            463	  -1302	    -89	   -291
            464	  -1329	   -258	   -279
            465	  -1329	   -338	   -232
            466	  -1336	   -382	   -190
            467	  -1335	   -337	   -168
            468	  -1329	   -342	   -141
            469	  -1325	   -359	   -116
            470	  -1326	   -331	   -143
            471	  -1324	   -332	   -229
            472	  -1328	   -383	   -274
            473	  -1295	   -387	   -275
            474	  -1342	   -340	   -308
            475	  -1331	   -272	   -332
            476	  -1319	    -65	   -374
            477	  -1318	   -293	   -289
            478	  -1339	   -422	   -261
            479	  -1324	   -412	   -143
            480	  -1335	  -1034	    -91
            481	  -1329	    -32	   -112
            482	  -1332	   6834	    -90
            483	  -1328	   -277	    -91
            484	  -1321	  -1002	    -84
            485	  -1338	   -627	    -51
            486	  -1326	   -590	    -55
            487	  -1326	   -561	    -69
            488	  -1315	   -501	   -230
            489	  -1338	   -385	   -375
            490	  -1333	   -278	   -514
            491	  -1321	    -44	   -522
            492	  -1326	    126	   -498
            493	  -1339	    180	   -566
            494	  -1331	     97	   -689
            495	  -1333	   -122	   -697
            496	  -1341	   -277	   -651
            497	  -1324	   -354	   -615
            498	  -1317	   -384	   -603
            499	  -1322	   -342	   -503